0
0
7
26
40
52
66
81
93
105
115
126
131
131
131
131
131
139
153
170
182
196
213
230
243
255
267
279
290
296
302
310
316
316
323
337
348
359
370
382
396
412
425
439
448
456
461
464
464
464
464
464
464
464
464
464
464
464
464
464
464
464
464
464
464
464
464
464
464
464
464
464
464
464
464
464
464
464
464
464
464
464
464
464
464
464
464
464
464
464
464
464
464
464
464
464
464
464
464
464
464
464
464
464
464
464
464
464
464
464
464
464
464
464
464
464
464
464
464
464
464
464
464
464
464
464
464
464
464
464
464
464
464
464
464
464
464
464
464
464
464
464
464
464
464
464
464
464
464
464
464
464
464
464
464
464
464
464
464
464
464
464
464
464
464
464
464
464
464
464
464
464
464
464
464
464
464
464
464
464
464
464
464
464
464
464
464
464
464
464
464
464
464
464
464
464
464
464
464
464
464
464
464
464
464
464
464
464
464
464
464
464
464
464
464
464
464
464
464
464
464
464
464
464
464
464
464
464
480
480
480
480
480
480
480
480
480
480
480
480
480
480
480
480
480
480
480
480
480
480
480
480
480
480
480
480
480
480
480
480
480
480
480
480
480
480
480
480
480
480
480
480
480
480
480
480
480
480
480
480
480
480
480
480
480
480
480
480
480
480
480
480
480
480
480
480
480
480
480
480
480
480
480
480
480
480
480
480
480
480
480
480
480
480
480
480
480
480
480
480
480
480
480
480
480
480
480
480
480
480
480
480
480
480
480
480
480
480
480
480
480
480
480
480
480
480
480
480
480
480
480
480
480
480
480
480
480
480
480
480
480
480
480
480
480
480
