0
0
0
0
0
0
0
0
0
0
0
0
0
0
0
0
0
5
15
24
33
41
50
58
65
73
79
87
94
102
111
118
124
126
130
138
144
150
159
171
184
197
210
222
234
246
260
278
292
307
319
340
355
378
401
427
446
466
466
466
466
466
466
466
466
466
466
466
466
466
466
466
466
466
466
466
466
466
466
466
466
466
466
466
466
466
466
466
466
466
466
466
466
466
466
466
466
466
466
466
466
466
466
466
466
466
466
466
466
466
466
466
466
466
466
466
466
466
466
466
466
466
466
466
466
466
466
466
466
466
466
466
466
466
466
466
466
466
466
466
466
466
466
466
466
466
466
466
466
466
466
466
466
466
466
466
466
466
466
466
466
466
466
466
466
466
466
466
466
466
466
466
466
466
466
466
466
466
466
466
466
466
466
466
466
466
466
466
466
466
466
466
466
466
466
466
466
466
466
466
466
466
466
466
466
466
466
466
466
466
466
466
466
466
466
466
466
466
466
466
466
466
466
466
466
466
466
466
466
466
466
466
466
466
466
466
466
466
466
466
466
466
466
466
466
466
466
466
466
466
466
466
466
466
466
466
466
476
476
476
476
476
476
476
476
