0
0
0
0
0
11
30
47
64
78
94
108
122
136
152
167
179
184
184
184
184
184
184
190
200
208
216
223
234
242
249
260
266
273
281
291
300
310
318
327
334
345
357
373
389
398
417
439
459
465
465
465
465
465
465
465
465
465
465
465
465
465
465
465
465
465
465
465
465
465
465
465
465
465
465
465
465
465
465
465
465
465
465
465
465
465
465
465
465
465
465
465
465
465
465
465
465
465
465
465
465
465
465
465
465
465
465
465
465
465
465
465
465
465
465
465
465
465
465
465
465
465
465
465
465
465
465
465
465
465
465
465
465
465
465
465
465
465
465
465
465
465
465
465
465
465
465
465
465
465
465
465
465
465
465
465
465
465
465
465
465
465
465
465
465
465
465
465
465
465
465
465
465
465
465
465
465
465
465
465
465
465
465
465
465
465
465
465
465
465
465
465
465
465
465
465
465
465
465
465
465
465
465
465
465
465
465
465
465
465
465
465
465
465
465
465
465
465
465
465
465
465
465
465
465
465
465
465
465
465
465
465
465
465
465
465
465
465
465
465
465
465
465
465
465
465
465
465
465
465
465
465
465
465
465
465
465
465
465
465
465
465
465
465
465
465
465
465
465
465
465
465
465
465
465
465
465
465
465
465
465
465
465
465
465
465
465
465
465
465
465
465
465
465
465
465
465
465
465
465
465
465
465
465
465
465
465
465
465
465
465
465
465
465
465
465
465
465
465
465
465
465
465
465
465
465
465
465
465
465
465
465
465
465
465
465
465
465
465
465
465
465
465
465
465
465
465
465
465
465
465
465
465
465
465
465
465
465
465
465
465
465
465
465
465
465
465
465
465
465
465
465
465
465
465
465
465
465
465
465
465
465
465
465
465
465
465
465
465
465
465
465
465
465
465
465
465
465
465
465
465
465
465
465
465
465
465
465
465
465
465
465
465
465
465
465
465
465
465
465
465
465
465
465
465
465
465
465
465
465
465
465
465
465
465
465
465
465
465
465
465
465
465
465
465
465
465
465
465
465
483
483
483
483
483
483
483
483
