0
0
0
0
0
0
0
0
0
0
0
0
0
0
0
0
0
2
12
22
31
41
51
61
71
79
88
97
106
114
121
130
139
143
143
143
143
143
143
145
153
160
167
188
206
227
249
270
287
308
330
345
362
381
401
412
412
412
412
412
419
444
465
465
465
465
465
465
465
465
465
465
465
465
465
465
465
465
465
465
465
465
465
465
465
465
465
465
465
465
465
465
465
465
465
465
465
465
465
465
465
465
465
465
465
465
465
465
465
465
465
465
465
465
465
465
465
465
465
465
465
465
465
465
465
465
465
465
465
465
465
465
465
465
465
465
465
465
465
465
465
465
465
465
465
465
465
465
465
465
465
465
465
465
465
465
465
465
465
465
465
465
465
465
465
465
465
465
465
465
465
465
465
465
465
465
465
465
465
465
465
465
465
465
465
465
465
465
465
465
465
465
465
465
465
465
465
465
465
465
465
465
465
465
465
465
465
465
465
465
465
465
465
465
465
465
465
465
465
465
465
465
465
465
465
465
465
477
477
477
477
477
477
477
477
477
477
477
