0
0
0
0
0
0
0
0
0
5
17
31
44
56
67
79
90
99
109
118
127
135
145
148
148
148
155
163
170
182
198
211
225
240
251
263
276
288
297
309
317
329
338
350
357
363
371
377
383
398
420
448
467
467
467
467
467
467
467
467
467
467
467
467
467
467
467
467
467
467
467
467
467
467
467
467
467
467
467
467
467
467
467
467
467
467
467
467
467
467
467
467
467
467
467
467
467
467
467
467
467
467
467
467
467
467
467
467
467
467
467
467
467
467
467
467
467
467
467
467
467
467
467
467
467
467
467
467
467
467
467
467
467
467
467
467
467
467
467
467
467
467
467
467
467
467
467
467
467
467
467
467
467
467
467
467
467
467
467
467
467
467
467
467
467
467
467
467
467
467
467
467
467
467
467
467
467
467
467
467
467
467
467
467
467
467
467
467
467
467
467
467
467
467
467
467
467
467
467
467
467
467
467
467
467
467
467
467
467
467
467
467
467
467
467
467
467
467
467
467
467
467
467
467
467
467
467
467
467
467
467
467
467
467
467
467
467
467
467
467
467
467
467
467
467
467
467
467
467
467
467
467
467
467
467
467
467
467
467
467
467
467
467
467
467
467
467
467
467
467
467
467
467
467
467
467
467
467
467
467
467
467
467
467
467
467
467
467
467
467
467
467
467
467
467
467
467
467
467
467
467
467
467
467
467
467
467
467
467
467
467
467
467
467
467
467
467
467
467
467
467
467
467
467
467
467
467
467
467
467
467
467
467
467
467
467
467
467
467
467
467
467
467
467
467
467
467
467
467
467
467
467
467
467
467
467
467
467
467
467
467
467
467
467
467
467
467
467
467
467
467
467
467
467
467
467
467
467
467
467
467
467
467
467
467
467
467
467
467
467
467
467
467
467
467
467
467
467
467
467
467
467
467
467
467
467
467
467
467
467
467
467
467
467
467
467
467
467
467
467
467
467
467
467
467
467
467
467
467
467
467
467
467
467
467
467
467
467
467
467
467
467
467
467
467
467
467
467
467
467
467
467
467
481
481
481
481
481
481
481
481
