0
16
41
63
87
105
122
138
153
167
178
183
183
187
200
213
225
245
264
286
300
316
335
351
368
383
397
409
420
423
423
423
423
427
438
455
465
465
465
465
465
465
465
465
465
465
465
465
465
465
465
465
465
465
465
465
465
465
465
465
465
465
465
465
465
465
465
465
465
465
465
465
465
465
465
465
465
465
465
465
465
465
465
465
465
465
465
465
465
465
465
465
465
465
465
465
465
465
465
465
465
465
465
465
465
465
465
465
465
465
465
465
465
465
465
465
465
465
465
465
465
465
465
465
465
465
465
465
465
465
465
465
465
465
465
465
465
465
465
465
465
465
465
465
465
465
465
465
465
465
465
465
465
465
465
465
465
465
465
465
465
465
465
465
465
465
465
465
465
465
465
465
465
465
465
465
465
465
465
465
465
465
465
465
465
465
465
465
465
465
465
465
465
465
465
465
465
465
465
465
465
465
465
465
465
465
465
465
465
465
465
465
465
465
465
465
465
465
465
465
465
465
465
465
465
465
465
465
465
465
465
465
465
465
465
465
465
465
465
465
465
465
465
465
465
465
465
465
465
465
465
465
465
465
465
465
465
465
465
465
465
465
465
465
465
465
465
465
465
465
465
465
465
465
465
465
465
465
465
465
465
465
465
465
465
465
465
465
465
465
465
465
465
465
465
465
465
465
465
465
465
465
465
465
465
465
465
465
465
465
465
465
465
465
465
465
465
465
465
465
465
465
465
465
465
465
465
465
465
465
465
465
465
465
465
465
465
465
465
465
465
465
465
465
465
465
465
465
465
465
465
465
465
465
465
465
465
465
465
465
465
465
465
465
465
465
465
465
465
465
465
465
465
465
465
465
465
465
465
465
465
465
465
465
465
465
465
465
465
465
465
465
465
465
465
465
465
465
473
473
473
473
473
473
473
473
473
473
473
473
473
473
473
473
473
473
