0
0
0
0
0
0
0
0
0
0
0
0
0
3
17
26
37
48
60
68
78
86
93
101
109
117
124
131
138
140
146
154
161
168
176
185
197
207
219
229
239
251
261
269
280
292
306
322
342
356
375
385
392
401
420
441
463
465
465
465
465
465
465
465
465
465
465
465
465
465
465
465
465
465
465
465
465
465
465
465
465
465
465
465
465
465
465
465
465
465
465
465
465
465
465
465
465
465
465
465
465
465
465
465
465
465
465
465
465
465
465
465
465
465
465
465
465
465
465
465
465
465
465
465
465
465
465
465
465
465
465
465
465
465
465
465
465
465
465
465
465
465
465
465
465
465
465
465
465
465
465
465
465
465
465
465
465
465
465
465
465
465
465
465
465
465
465
465
465
465
465
465
465
465
465
465
465
465
465
465
465
465
465
465
465
465
465
465
465
465
465
465
465
465
465
465
465
465
465
465
465
465
465
465
465
465
465
465
465
465
465
465
465
465
465
465
465
465
465
465
465
465
465
465
465
465
465
465
483
483
483
483
483
483
483
483
483
483
483
483
483
483
483
483
483
483
483
483
483
483
483
483
483
483
483
483
483
483
483
483
483
483
483
483
483
483
483
483
483
483
483
483
483
483
483
483
483
483
483
483
483
483
483
483
483
483
483
483
483
483
483
483
483
483
483
483
483
483
483
483
483
483
483
483
483
483
483
483
483
483
483
483
483
483
483
483
483
483
483
483
483
483
483
483
483
483
483
483
483
483
483
483
483
483
483
483
483
483
483
483
483
483
483
483
483
483
483
483
483
483
483
483
483
483
483
483
483
483
483
483
483
483
483
483
483
483
483
